-5375 587
-4673 -167
-7249 -5590
-2144 5905
7966 -5258
1621 7535
-8413 -48
9901 -1424
1646 4588
7671 5641
-5895 -5091
1394 9900
3153 7482
-2606 6565
-3537 -1540
-5066 -8994
4216 -5556
8625 3019
851 1394
-831 -6665
-4996 -940
8949 1217
-8625 587
1224 3391
2348 7628
3093 3881
9783 -4630
680 789
-5677 -7890
-9529 5234
-3762 -2150
5904 -6521
8262 -6413
-153 -6305
1936 -9369
7837 6972
-3591 -7798
-5140 -7428
-5660 525
-6843 -3661
-5720 2539
8023 1314
-444 -692
-2205 1579
-6663 -5304
7269 -7112
6199 2299
2664 8341
-9252 -3643
-3957 -816
-1581 8792
-7553 -7341
-3343 -450
9581 -1370
8831 6174
-8930 4151
-1391 1655
8416 -546
5642 -6856
2967 3068
7849 8408
5626 -3231
6333 9343
40 -2219
894 5280
4726 6926
-9275 1426
-8087 5037
-6049 1803
5832 9902
5497 -9220
-9851 5205
8135 6318
-420 -4671
-932 -8685
8844 8919
-5157 -4187
-9099 -4244
-5427 6733
7674 3200
3923 9908
1414 -7849
-3867 -1734
-3075 2151
-8947 9595
-2037 2246
-9360 -6040
-2313 -4077
-2785 3924
2521 9809
4609 6034
-9001 2022
-8744 -5540
-9154 -2568
-6516 -9527
962 -2118
-4703 -2877
4688 -6211
-4772 -5492
5473 -4499
543 -5929
-6379 7033
-2949 -9822
9167 2585
1067 -8605
-9009 -8290
6152 -2612
-5452 -3915
-8818 5918
2449 -6907
8951 7631
-7323 -3830
-7297 9527
2015 1903
-1322 4574
9358 6663
7729 -7589
-2169 3310
-811 -3134
-5536 8034
-4777 -2186
8334 3564
-1907 5317
2153 9462
-9630 -1849
9 -7953
-138 8743
9956 -5660
-2333 -9742
8649 4200
-8537 -3726
-508 4903
-571 -9165
-5437 -2373
-9921 -5900
4805 -6210
8604 4636
-5151 -9284
-3540 9370
-614 -571
7217 4143
6978 -2415
8712 3256
6630 -4518
-3247 -5686
-2890 -6276
-7295 -1596
8112 9736
-3733 -373
1270 7339
3421 -6742
4508 -5576
5536 -7913
-4289 6552
2356 9732
-4486 4902
9106 -3806
1217 -7530
-3202 4237
-3005 9718
-6641 8361
-9100 -3575
4559 -5420
-3280 -8492
-4837 316
6970 8111
4142 -8953
4882 7101
811 -6522
-5019 4698
-3305 5784
8731 2192
616 1756
-5818 -9844
-1560 6227
6220 -8696
-3211 -5400
7158 -9710
-4917 -404
9490 2121
-1733 9161
4264 2867
1361 6466
6982 -9557
-3025 7834
7857 6402
-4946 2437
-5047 -1521
6498 320
-1917 6297
-4754 -4012
4551 2562
-5842 -7426
3581 79
-9283 -9304
-5028 2245
-5972 -3065
-4461 2381
-8389 -3555
-4649 -9859
-3725 2757
-1755 -6164
2678 3818
-7285 -7001
-370 -4869
6252 7019
7019 -6924
-9073 8624
-3690 7690
-2208 6744
-2032 1514
-560 -7387
-5334 -4890
-7628 1636
-3631 -8054
-4621 -7237
-2918 7702
840 8386
-7423 4716
-9812 1627
6234 -2058
-6749 8360
-8016 3045
9057 9459
-2716 7435
4621 2741
2198 -9172
-5634 -3401
-4126 1592
-1820 -451
912 284
-7384 6292
-7178 9969
7682 -3050
-9237 4410
-1823 -8312
-4474 3518
-922 -1335
9719 -5273
-2610 -512
1652 -670
-8822 -1446
-958 -1793
8594 6706
9137 4481
5887 1629
4506 -8619
302 413
2877 7490
-6670 539
3532 2483
5224 9710
-9469 1360
2164 -4682
-9080 -7140
-1540 -988
-6418 -4817
5027 -7695
-6944 174
6577 9320
-2808 -2317
-2678 5747
-9531 -8239
3597 3511
-8609 5331
5958 -2234
3330 2258
-8697 1387
4795 -9777
-7389 1335
-7455 2550
-3401 8723
-2856 8699
9232 -1624
9875 725
9870 -5622
-9831 -2721
368 4862
428 2243
4793 -6934
-6372 -8336
-498 -2138
1022 -9810
348 5726
2748 -6050
7442 2034
3931 3497
-4343 2705
4479 -4883
9407 4450
-3028 1824
-7576 -9721
-2946 -6378
-1699 -5086
-5311 -5201
-7329 5785
-1571 202
7587 9978
6943 4659
1045 -9270
2080 6927
2963 7718
-1901 -798
-5298 5895
7525 -1912
-4149 -6183
-3461 -7799
5318 -4002
7678 -7746
-7504 2457
-619 -9771
-9035 9894
-3086 -9369
2762 8252
-2796 -7473
-4735 -378
6780 8696
-7659 2948
-2484 7881
-8035 4893
5114 -1286
-9721 2726
-3234 -1668
8936 -5425
-4584 -1245
-9997 -6335
-6295 8965
-4623 1676
-4053 -1733
9816 2683
-8358 1527
9902 -7101
-9971 6111
3061 5962
-503 3278
5661 4197
-7983 -7083
8881 -8742
-9575 -6982
-2145 7436
-1549 -2411
6932 466
823 1380
-2539 -3745
4223 5609
5416 5861
4638 -369
505 1567
-3482 182
-5722 -4165
5120 7756
-2251 8433
3462 9647
832 -9233
9241 9355
7606 -4630
9850 4598
4755 -9239
-861 -4728
5217 -2202
-7740 3775
2295 5140
-4126 -6735
-7215 -9215
-5695 3788
-902 -9429
-4164 -8196
-3338 -4150
-1885 8317
6601 -4744
-3692 -9471
3542 -5009
7864 -7976
5081 9482
-7158 -2702
-9664 -2674
-9015 -9722
-383 789
-8445 -492
-8595 -5725
9158 -877
827 -9544
-3440 -9266
-9583 -4619
-7057 -4017
1563 1165
-7683 -565
-4673 6085
-5304 6063
-6425 -3626
-8310 -1053
-8825 9849
8026 -8034
2298 -2601
1929 -9593
1931 -6738
-9343 6492
8651 -3995
-7907 -9506
7166 -7413
3984 3794
1126 4825
2004 2623
-3472 -9634
8487 2066
-4168 1959
-330 -5351
1202 -8226
-6007 1392
9884 698
-8927 -8023
-8482 -8355
9667 -9742
5799 -3545
-7736 7740
7881 3961
5720 -5421
2904 1619
1934 4685
1219 -8042
-4392 533
2903 -2528
6873 -8863
2661 -2263
2130 8691
-4534 9687
9031 -9083
6309 7724
7349 1805
6109 -7403
8627 7654
-2092 7861
-4717 638
5908 9403
-9825 397
9380 -6833
8470 -5664
-9454 -347
-560 2633
-2866 -5981
-9669 -9696
-8480 -4391
4027 -3753
-5459 3428
-6656 -3016
8135 6706
5687 -5020
9341 8874
-7777 325
2558 9314
-3287 9150
3024 -129
936 -7480
8969 6583
-3689 3524
677 -4481
-4277 6250
486 -6795
-8328 511
-2170 -3976
4766 -235
-6212 5949
5571 -7990
5868 -7560
3969 5856
8093 2336
-837 -284
-4465 2687
3107 1191
-7270 2606
3931 -5824
8712 8416
-7411 -9837
-225 4660
8868 4206
7807 -694
1716 138
6932 -5150
1629 -732
-8425 -2441
-8433 -5293
-5730 -2022
-8922 9479
-4306 -7091
9126 8506
6578 -867
8280 -2674
405 5217
-3959 -8371
-2716 -1792
-7588 9243
1860 -2516
-4095 -1037
-8751 3971
-7461 8559
4481 -4123
-3563 157
5602 8513
4106 5759
2880 9735
-1409 5522
-9723 -3489
-3979 4987
8907 533
6176 8769
-6609 1186
-8776 -945
5371 -1246
-9513 8740
-9597 -4458
9079 -1846
9892 3329
7442 -6239
8150 -9762
-4014 167
-9880 -6708
-3541 -7009
-5418 -840
9254 9449
-5887 6140
-3356 -6474
-3981 -6641
6128 5002
-2467 6335
-7990 -2710
3329 2502
1881 -7604
8864 -9663
738 2989
6144 -3274
-5765 9775
9865 -4815
-7274 -7800
-5662 8225
-8181 9667
9082 2791
8080 -4910
9490 1305
-3663 -9456
8048 2028
5954 2087
-9613 -3893
8670 6641
2973 8898
662 2742
7351 7823
7716 -4970
-8364 4964
730 -2555
-3156 9338
-6334 3571
-6044 5983
1225 1226
3521 9591
-2874 -1796
6858 1989
-5213 2758
-7286 2260
-8050 -4610
429 4094
-8360 -4211
7881 1455
-5070 -8442
5130 -177
6468 -2591
-135 -5267
5132 -7357
-509 -5136
-1936 -3884
-9741 8472
6749 7890
5315 7447
3722 3218
5343 -9046
-7085 5440
-1281 -229
-9984 8621
5927 -2001
-8052 -2814
3455 1436
-4720 1175
-9854 2573
-4375 1976
-3170 -1059
7487 -5272
7882 -651
8436 -5405
8585 5850
4385 2921
-8903 7949
5055 -6541
-9308 -1976
-5809 -8534
2379 -6948
-9817 7837
9585 6429
-3724 277
-1031 6906
4156 1340
9948 4430
-3848 9533
5754 -9904
7577 4828
-7890 -5795
8350 6500
4897 -6124
7488 -6100
-3258 -2969
7491 -8821
4730 4610
-2853 -8441
-5285 3135
1869 7534
-5922 -9352
5908 2126
4146 -1846
-1771 4510
-4921 -9490
-1950 3733
-7023 5300
-4598 -9772
9848 -1790
2021 -2998
-7147 -4704
-8845 -5572
-3068 -8988
-6554 -9357
-8025 -1462
8333 5831
-1871 2788
1484 2662
-9859 7423
-293 -8761
2255 -674
-5081 -8983
8870 2689
6915 2192
2643 4166
-6057 -6718
-7757 6597
5281 2169
6648 2115
-1023 1493
2423 -8418
5442 -4203
6230 1680
4051 -8290
9423 4127
1066 9896
4740 -6093
4038 5887
-7191 -996
5517 -6437
1690 -231
683 6067
1655 -6224
-2220 8533
-7257 -5969
-2220 -2008
-6338 -6803
4881 7353
-3859 -2512
-912 4942
-5239 -6987
-7524 -8195
-7055 -4769
1264 -3087
2861 -2589
-5098 -2062
2004 -7927
-5822 2101
455 -6537
1243 1716
-8764 -1200
9142 -5329
3551 -3492
4387 -8010
1258 -5223
3254 -4541
6575 -2748
-2954 6191
-8047 -573
458 -4589
1133 -2510
-5829 2439
1998 -6972
6128 1297
8269 8654
5417 -5338
9387 -9197
-774 -8142
7588 -3702
-5612 -4075
-2489 -4954
5665 -271
-2619 -9463
4906 2301
7754 -3564
4157 4825
-6459 -4233
-2909 2055
2024 -1129
4138 1516
3190 4195
404 -9922
8680 -4280
-4133 -5967
-2404 -4581
3552 5769
-9073 -8315
-4488 -6750
1756 -9900
-9400 -7335
4631 -3526
2523 4651
1090 -1705
1115 1912
2011 -4982
2613 4874
-3995 -8497
743 1039
-8302 213
8959 -121
9490 8883
-2598 1743
5539 765
145 4648
2548 1924
-9308 3884
-5258 5803
-9035 -1900
5866 3379
2840 3999
1363 9068
882 3469
-9543 8467
3491 439
-4167 4784
-6007 9781
3802 9647
882 2683
-6013 -4504
9952 -6704
8728 322
-2986 9833
-3702 -1514
-5451 7473
-2697 -2084
-6670 6010
5381 -8740
998 -2607
2088 -342
-1535 9245
6562 -6516
4792 2486
-2953 1775
-9906 4439
893 -6700
7912 9066
4459 -3788
-946 5485
1760 7510
3585 -8244
5756 4621
6007 4826
-321 4756
7913 -8836
1287 7515
-60 9349
1492 -1225
-5935 -2776
-795 -7960
1585 -8127
4216 4148
-8206 7336
461 -7875
-9954 -4380
3504 8758
148 -1082
5580 -4468
823 -8767
-5770 8370
-630 6329
-4188 -7369
-8242 8604
5990 -9924
2541 8124
-6355 6261
1582 -2158
-8213 -5632
9819 -977
9397 -1971
-6346 5892
6472 -9698
-2383 2336
-1684 -7603
-9766 6343
-782 -850
-7944 7048
-8580 -215
4081 -5718
-9983 42
7632 -8505
-3968 2791
-7802 73
-6152 -5351
1837 2900
3682 9807
1687 5513
-5534 -7379
3672 -8306
-6294 1952
-1650 -572
-7033 -7198
9624 5274
9605 983
6594 -7644
2599 309
-1735 4048
7354 8702
6677 -9586
-7141 -5014
7726 2123
-7769 -4387
7895 7055
2721 1495
3446 -5358
2560 -1353
-3087 -3196
291 3028
1642 -5253
7441 -4370
2331 -5541
8798 7470
-6811 -8037
2878 9007
9662 -565
8350 8873
11 665
-8306 -3946
-1222 6982
-4996 7953
7217 9726
7291 8188
-8055 2735
-9386 -9972
9811 8892
4849 9646
-3781 3900
-7215 1190
-1285 -7727
-451 2469
-1529 -1951
-6536 -69
254 666
5010 8089
-3462 -5115
6435 9196
-7091 -2814
2546 -407
9045 -8777
4540 6084
-9541 2267
728 2983
3554 6015
-7070 5359
658 4516
1088 -2157
-8135 1018
-1734 3732
1210 3201
1975 -7311
-380 4766
-4485 1707
-6844 -2598
38 -5641
-2202 9667
-4079 3371
5632 2989
-5120 9960
-8290 -5213
-8855 -2963
2384 4372
-8077 -4630
4344 7092
-8603 8018
-5563 -2958
5333 -5439
3385 -9654
8866 -5106
-6014 -5628
8926 496
4443 7972
-8918 -2926
6318 7403
5818 -8755
-3633 -7218
6826 -2439
8053 2919
-3939 -5247
1540 -5648
9996 6247
-8855 -4085
-6399 7409
2106 -8455
6410 -5608
-7226 -487
-1457 -1555
-2586 8013
4732 -6069
9257 -5229
7421 -817
-7487 2055
9286 2171
8373 -6658
5872 6907
-2463 -429
-7174 -4799
-6501 -3104
3091 -9480
-3475 3171
-5932 -3192
-5231 -5576
-5081 -9312
6251 5623
7875 9662
-8313 -4954
3127 -4248
-7676 5177
-1204 -4761
7842 -1803
-9878 3408
-3174 4039
2204 6184
7844 4491
6634 6824
1448 -67
-299 -4365
-1272 -3485
-6307 -5823
-346 7355
-897 -9699
5884 6558
1919 5805
3792 5457
-2014 6
-7139 8592
1624 -7136
3003 7790
3136 -2183
6253 -4282
4184 -2558
-4470 9378
130 -1413
2695 -1862
-7241 6031
-4344 9206
-8399 -5833
6432 -3007
-693 -4616
-5158 8956
5801 -9089
7315 -705
-1126 -8760
-7015 5641
-8740 555
4375 -7938
-5190 5489
-7645 -2799
7005 -1353
6436 -1303
-5111 7807
-9665 -9005
2979 6436
-3524 931
-1567 6410
9523 -2216
-5377 -3609
-5533 -5243
2011 -6114
-344 254
-5020 3285
-8326 2107
667 1795
8576 4892
7392 -1408
6483 -1749
-3271 -6103
-8634 -7350
2794 7434
6944 5543
2947 1615
-35 5978
-7907 9726
-8446 9946
8763 -700
-369 8233
2305 5258
1861 -8259
1416 1977
-9788 -9373
-748 2975
764 9598
712 9074
-6639 -5949
-904 -4768
-1865 4608
111 6740
6316 -7212
-6986 9620
-4460 5625
-9794 8648
2118 -6451
-2523 -6559
-4438 4854
5910 131
-9808 -5370
8659 -6957
-6538 -2807
8914 -8388
-4412 912
-1730 7298
-5952 -5761
2426 -801
3178 -6445
4511 -6458
-9346 3802
4748 5108
-6555 5535
-8978 8271
1140 -622
-9603 388
5653 6878
4391 7135
4632 8532
570 -3266
9403 9322
-6804 -6661
8243 1175
-8548 -6113
5330 -44
8430 -3296
-9412 5425
-1068 3925
-9275 1231
-6782 8724
-5502 9053
-5487 -3164
8680 5225
9857 -3224
121 -1331
988 -7435
6558 3432
1019 708
-7900 8849
-9416 -7143
-9142 3593
3661 -4127
4504 -5744
-9609 3373
-1384 1848
8282 9632
1111 4595
-2065 712
-9825 340
-98 -6987
-2036 -7963
-976 -6269
-975 -5970
-441 7315
-1140 2600
5017 -4222
-8316 -1271
-8130 5743
-4773 8234
-3191 -9392
6364 -7299
4794 8105
3293 -1492
-8368 7421
9105 -592
-7305 -2840
-2165 -5217
-7859 6224
-8392 -8058
-2337 -9885
9456 -333
-7913 -1692
7323 -9980
-5385 8742
3551 3002
-4249 -8945
5898 -5793
1804 -8850
3741 8087
-7708 -6633
8039 -9563
9459 -8906
8524 383
2057 -9289
-239 5974
-24 425
4980 9851
5307 -9049
-754 -3759
7456 8396
8274 4596
8365 4118
-9790 -2714
572 -1538
3663 1821
9225 4173
-7386 -313
1127 2510
3534 -6492
-2308 -9039
1728 7265
9392 -6845
-1206 -8728
-3583 3883
3058 7765
6224 -7814
-3437 1822
4631 -6915
-3122 -9390
7164 -8093
-1990 5629
3145 -1814
-4580 1335
-9873 8025
9191 9714
667 7347
7315 1698
-3390 5839
-9781 1470
-4249 -2595
6245 -8792
-6961 3171
-7826 -6255
-3676 -4406
4546 -1281
284 5836
9742 -4822
9393 -3355
-4473 2437
-4291 -7923
59 -5646
2748 7278
6512 263
-4768 2469
-4505 4501
593 -9195
2021 5350
6169 -3941
-1669 -9189
-3040 1963
7493 1793
7897 -7196
8089 8216
-1903 4666
-7750 4665
-9837 -8427
2784 -8689
3776 1694
-5404 -6298
-5861 8740
8542 -6036
-377 -8953
1528 -914
-7522 9376
-3262 1968
-3843 -7658
-3725 112
-7135 4810
-4479 -3340
4244 -4581
6753 7724
-5731 -3711
-2890 -5114
-9896 1260
-3111 -3815
5216 -81
-2095 7604
-3891 8616
-2556 -7704
-1508 -2910
3822 -8202
-4501 -3962
-1771 -6862
-5890 -1533
-6258 8463
3482 5170
-1758 1704
528 -4453
6567 5198
-9967 -5019
3040 -553
7034 187
-3288 -7205
-2373 4192
-6917 -4729
-1636 4418
-8901 -8191
8179 8893
1047 -8819
-4136 2819
8902 -4574
3469 598
3003 -3650
4145 -5009
-9272 2273
-2698 -5897
2498 -5062
4939 -7482
-3896 -5648
-3812 5276
-3634 -7963
1843 -2397
-9970 6776
6629 2989
-3116 -4510
3393 5611
-1366 9223
-821 4072
-713 1457
-4440 -9572
6611 -5514
2405 -3288
5506 -7547
-4648 5948
-2933 1858
9861 -7352
-5612 -3436
-1499 2614
-8905 7328
-6486 4966
2891 4705
-9366 -1366
-1026 -9512
-4870 8117
-8347 -8290
-5089 1572
2566 -7558
808 -9498
-6662 3600
5345 1008
2201 6575
5344 -211
-7078 -8852
-957 -3665
9912 3343
-7582 -4306
-5364 5885
4028 7648
-4947 7810
7212 -153
-8479 -9245
2667 -643
5476 5646
2622 2878
-8847 2656
-4862 -1347
-7964 7953
-8364 2730
501 4841
2072 -9850
-5247 4120
8889 4327
-3467 6869
2749 2809
-3961 -1175
-1488 -4538
6140 7470
-3465 216
-4441 -4471
-6444 -1860
-5305 -9433
-2266 -9063
-2546 -1099
718 -82
8232 2718
9071 4202
-1173 -4438
-1612 7466
1938 2545
764 -2017
3011 -7344
1392 5247
9530 -1574
1991 -2565
2659 -6410
6755 -9365
-4815 9938
-9768 -7227
3430 -6847
1763 3310
-2195 -1534
-8819 -6383
9192 -7473
8753 1757
8935 2839
1364 6576
7874 646
9351 -2271
1820 -4433
5596 -390
-4296 5414
-4902 -9705
9160 1729
6367 6439
-3116 -9531
-3573 4363
-6661 6869
-9435 -1299
2068 3999
2294 96
4769 -5190
-9698 7290
-8560 -4597
-2973 -1574
5097 9782
6670 1493
8413 1308
-180 -4438
-270 1197
9990 7298
-6712 -8115
7108 6372
5593 8700
-4618 -1295
-8051 -2541
-4790 -7857
5475 -8263
-2513 -6299
659 -5143
9525 -3019
-8970 4197
824 -4691
-6889 -5003
4795 -4699
3250 1591
-2124 -4855
7388 5384
-4903 7759
7281 -453
6496 -4002
-9581 3143
-5323 -167
3270 -1454
-1903 -3242
-4924 4115
4124 -707
8207 9409
3565 3346
-7964 4589
-4132 -1192
-7930 -7099
-2099 5116
-4015 -163
7065 -1512
3514 2522
-2293 1242
1261 -2207
7766 -6250
1226 3423
8903 -1118
-2137 -9834
-2187 208
1821 3450
2609 -2169
-4279 -5928
-164 5230
8594 6763
-6667 6846
-9233 4274
1915 -8792
-3006 -3129
-5065 1245
4202 -7275
1398 5077
-5964 -2114
-5768 2568
-9227 -7461
8971 2678
3145 -2328
-9113 4442
-4052 -4820
4304 1823
9465 -189
8153 -3896
-3348 -573
4719 3025
7302 -3096
-4525 6200
9812 -5200
4929 1931
6299 5749
4703 -5584
8366 9271
-3721 2377
-931 -7645
-7719 3432
8868 -2484
-7530 -7946
7082 -6065
2599 -4720
8252 -8302
-1684 2568
8674 -113
3523 -5164
-8934 2973
8107 9245
-9569 8706
6212 -1837
-5993 8584
-9522 1294
7198 -5835
-6049 9886
1776 3210
5130 -6744
-907 -2780
-9366 7778
-2947 1159
-9446 -7739
-6221 5807
-3628 -798
2589 -2323
-7860 -4865
-6797 5515
2801 6883
-1880 -7291
-6977 -1179
4444 -1200
3849 1964
1562 8688
7754 4439
-7725 -2144
6875 9812
-3934 7320
-5406 2413
3972 -8466
-6090 -7025
2453 8273
-3249 -2640
1831 -1592
2975 9030
7774 -9293
-5493 9452
3086 -2878
-2962 -8313
-4452 -5650
-873 8611
-2791 1151
9719 -9620
-4702 572
6534 2930
-7698 -4219
-7137 -2896
-5836 2970
-3879 -8366
4631 -174
616 -6049
1651 6292
2629 9763
-5574 185
-8930 9197
-7403 7213
6834 7536
3508 -2255
2469 7189
-855 4808
533 4466
-3278 1137
-2071 653
-3640 -3560
-1520 -1911
278 1362
-6869 8874
-2523 -6474
-3070 7429
-6928 -9196
-3053 3388
-1722 7113
9037 -4635
-7071 6767
7086 -2741
8487 -4003
5652 4789
-1172 6350
466 -1418
-3411 3613
-7784 2719
8628 9604
2540 -6167
-4550 6609
-7494 -4562
5353 -288
5877 -8718
8908 -6115
-5304 -5252
6236 380
5376 7669
6620 -8535
-5154 -8897
-7690 -5872
-5296 2332
-6030 6285
-6183 3546
-5665 -6585
2766 -655
-1726 8422
-8340 -9480
2614 -3132
-990 810
-5375 -61
3503 6096
8624 5386
-6756 9034
5180 4402
-7316 5057
-4136 -4286
6845 -5068
5460 6233
4195 -9954
-3716 -4734
-5354 6908
-8288 -6667
-758 -6017
9817 -9131
-667 -2118
-5574 -9914
-348 7235
-7558 9114
1181 -9732
7768 2922
-3143 -3199
-5440 -8878
-5418 -8196
9919 -399
-8394 -5645
-6899 -1763
-8766 -4572
-9920 -2443
-9175 -1146
3927 -8761
4881 694
2434 -9644
3594 -7589
-303 3568
-7769 -3711
-1136 7598
9810 -6166
-8062 -9840
-5697 7973
2722 7999
-2888 9191
8801 -6969
-9910 -2425
8947 5130
-8647 -643
-1935 -3093
910 6227
5392 2413
-8911 -6215
-7050 8553
5373 -9725
850 -1390
-8696 -7542
-2298 5422
4361 -109
2807 -2922
-1712 59
-261 -3875
-9533 784
7764 3453
-9135 -9682
-6175 -2203
2578 -5207
-2018 1815
-6562 1780
-5923 -3608
1139 7097
9922 7925
4351 3148
-4455 -4157
6193 -704
8827 -9357
7483 8436
-6932 -8004
-7421 4889
546 3326
9229 -5136
8090 -4662
4108 -797
-1244 9619
-9459 4812
-851 3669
6671 6889
-4497 5321
-1758 -9012
983 -2589
4120 -5147
-6112 -7298
3624 5202
7006 -6482
-9078 -1554
-9459 -5443
7209 -2050
1342 6056
-8322 8997
-2007 3448
-5588 686
2672 -2288
5474 -1403
-1955 -9060
-6454 -9110
6770 8054
1573 -8883
3958 -484
3335 916
7669 6672
-1537 9934
-3867 7624
-9097 -3530
5437 -5113
-7632 8802
-6857 -6347
-1509 6670
9012 7535
4718 8294
2986 321
2638 4990
6643 3377
9811 2444
325 4434
3603 9097
-2873 9959
757 -9729
-7041 8273
-9242 3031
2053 -3392
-3312 5109
-3462 -7919
-8944 9777
3656 -1472
2015 6743
-6770 4258
8352 -5764
-8796 7960
1892 -2633
-5400 4695
-1581 5965
8825 6448
5386 785
5059 -4505
-1814 -8819
4609 -3269
-7690 413
-4532 -3679
-4901 2965
-6894 -6420
9401 9383
5364 -6150
1577 -7764
-39 -3386
-4587 5343
-6443 -3433
-598 -1032
-89 3649
622 5764
6723 -9298
-783 -8522
-7630 3017
1008 -2845
3194 -8782
2577 6128
133 -3973
-4898 3971
-6647 -2288
-3156 -2800
-1984 -978
-2245 -8243
6586 1960
2085 5071
-8993 -5175
-2596 3643
6027 -4702
-3551 -8604
183 4494
-749 -5929
7871 -3131
-8939 7454
-7009 -9805
9329 -9551
5254 -3681
-9565 5469
7229 -9689
-2438 -8235
-3841 1737
-8642 5935
8384 -3555
-2228 -3890
3804 1919
1847 2642
5630 -99
7222 -1821
8199 -8842
-6378 -70
6695 733
-696 -5560
-7046 1642
-7050 -320
-6254 -2940
5055 3825
-5022 5863
6162 -2827
-8610 538
3120 1654
4099 -1016
-9480 4697
-2339 5742
5711 -3006
5326 8600
-1170 2337
-9733 443
-2878 -9955
-9163 553
4225 8883
7716 -6433
-4710 -6540
4222 -5414
-3029 -8970
7906 8848
8972 -7565
-3299 1556
-3532 9428
4299 -8462
-3100 -9507
-9087 -7331
-351 3798
548 -2652
5128 -1877
-5906 5995
2575 -276
-2516 6979
1778 8774
-1536 2611
-6552 -463
8532 1814
-6710 4940
-6700 -1175
6283 3177
-7748 -1412
6876 -6325
-489 -580
-6831 -2488
-2994 -7473
7741 6170
6366 333
-6578 8011
5258 -754
-8132 -3952
-5330 -3103
-9034 -4900
-9198 6685
-9179 9085
-1433 2331
5530 -9489
-3370 -3870
-8665 9154
-6779 4162
-6165 7513
2262 4089
822 -6030
-621 1742
-3417 6237
4924 1824
867 1852
3606 1908
-5202 1344
-2895 -6308
5891 5310
-9614 2713
4307 -7129
1094 -2239
1257 -5313
-8713 4293
-7003 -386
-471 6161
-496 8902
1431 2545
-9997 8371
-9336 -3429
8982 1947
581 -5672
-7168 2247
-2800 121
-1144 3804
2855 -1364
807 4301
-946 -673
-1688 5932
-5879 6758
5584 4690
-1476 7847
6047 -6251
-3022 4358
7894 -6383
4564 -3936
-1413 -3359
4306 4671
-516 -2722
5437 2238
3421 4814
-4798 -593
7606 608
-731 -9925
-5865 -7195
6910 3730
-9129 -5976
-5438 -2629
-8326 3668
9427 -9667
-8181 -692
4424 -8188
-5238 -5582
-3328 6506
-9906 -9904
2896 3307
2411 -8628
-7319 6516
-6146 -2128
5430 -9900
-7825 -7597
-9246 -3791
-3001 1946
809 6477
1163 -4686
4571 -6626
-4665 -1824
3934 2915
5371 -7665
4623 -5113
5935 -3406
5782 7737
-2850 -8861
-141 6207
-2157 -3983
5187 2135
-6939 7422
4139 -8027
-1870 -5436
3646 -140
1672 2913
-8745 -7168
9448 5976
-2679 -8364
6065 -2050
-3996 -7304
-8516 -9587
-3696 -8263
714 6514
-7607 3637
-7050 -4218
4735 4687
6589 -6819
2593 9110
-6336 2391
-617 -4946
-462 8243
835 -9182
4796 7969
6521 -9316
-8520 -8427
-2017 7413
1776 7444
2260 -3295
7703 -5693
-6643 4988
-8628 -7367
3991 174
4524 367
4026 -745
-2979 -436
5463 2903
-9179 -9930
-2556 5618
-1388 5767
4012 -1201
-6745 -849
-4421 -5037
-8059 -9533
-3885 8243
8274 -9831
2201 -634
-1972 8998
-2040 5907
3891 9944
-3632 8324
8386 578
-5236 -6614
91 8596
2819 5504
1443 2234
-9193 9717
8827 -4021
6549 -170
-8763 2260
-7080 -2281
6023 4741
1266 -3422
1769 4709
-1936 249
7104 -7655
-4249 2199
9606 -9113
-6435 -8105
-7105 2724
-1891 -2498
1449 -3679
2950 1755
7811 -6191
2474 -1470
4997 -2143
-6984 5908
-5715 5770
4619 -2043
-5656 7640
5728 5932
357 -137
257 2730
-434 6470
-7547 -992
5657 -2483
8694 9548
8178 8978
5928 41
-1669 4899
-8826 -6980
-4225 7490
2137 -3975
-7834 -76
3217 -5813
1838 -3529
-3660 2761
-4190 -1769
6492 -116
7960 6631
-4743 2019
7633 2522
7344 1430
3110 3560
-1904 9712
8081 -9875
3464 -8934
1675 -7864
2163 1113
4780 -2786
-1960 -9985
4976 -6172
-4863 1155
9788 6525
9823 6823
-7479 8134
529 633
4563 -7125
3048 -5212
8542 -2726
-1758 7078
508 9679
9069 8805
7199 3510
-9325 -6566
-2321 9125
9676 1062
8853 9434
-509 -7524
-6474 6649
-6551 -8300
-8573 -1587
-896 -1527
8332 -4258
4831 6144
-8505 -1917
-3487 5941
-6988 5748
5598 966
-8246 9829
2379 3828
4109 7221
3577 -3158
-4821 -5184
1536 -9850
-4213 -3330
2660 2275
4240 1032
-4059 -434
-4420 5329
8170 -7587
-6708 -1864
409 -9475
-6337 5654
4597 8449
3351 8996
1660 13
4862 6185
1167 -217
2658 5850
-2590 -8353
-7291 1482
-9129 822
9042 3359
243 8826
9370 -698
8905 -1500
2522 9299
6969 -2702
-3053 5289
-7527 5831
2302 3344
-6893 2119
2691 -865
-7703 -2703
-4490 2542
-8997 3294
7143 -1192
5465 9318
-1427 -1262
-6711 -7409
-3980 -1797
-265 3578
-5400 -1763
-5919 -5465
-7428 -7168
2260 -2756
-7802 5588
-8022 109
2634 7328
7353 -6000
7373 8382
8304 5943
6975 18
-8572 9087
3922 -459
-1300 7197
2400 -8725
3066 -5245
9061 9358
2604 394
6527 -1058
6964 8906
-1722 -1717
3775 -4212
6068 -6916
738 965
-4546 1132
970 8498
4252 2024
5322 -4217
2803 8672
8478 -1867
-4017 6620
-5810 -1824
-9651 3939
-4614 -6385
8364 7797
7916 -6070
7644 -7177
-286 2259
2485 -3555
2336 -2707
8054 -7811
-5280 -5359
-1034 -177
-7818 -519
-913 3887
-8058 -4192
7811 -9935
2828 2682
1434 -565
278 -2131
9687 5912
-1528 -7282
9874 -4113
1854 -6048
831 6993
8913 5076
2980 6435
-3871 1753
9738 0
-647 7463
-6276 5559
-2977 2338
8835 -5287
6958 2770
-5816 3684
-7962 7693
6613 -5204
8649 -1894
-8409 6667
1578 -7348
-7974 50
-5325 -8807
9369 8842
1820 -3382
-9305 -7159
2560 -5529
-6229 -4521
-538 -8154
6661 4005
3313 -3626
-3234 5493
-625 7956
29 -7612
3199 -6439
-1423 7778
3522 1003
8805 -3843
-8207 -1681
3664 -6983
9084 6897
-4832 -410
-5150 -9200
8471 4588
-4821 -4167
-5589 -8270
698 1154
8433 -1479
-1163 -2031
4507 7243
3909 -3611
2696 -585
-4444 -4089
2106 -7693
9316 3359
4270 7117
8343 -4465
3363 5259
1880 6793
-2215 9939
5243 3553
-9449 3094
534 2650
7791 -4016
7740 5585
9029 -6735
9814 -1303
6295 8932
-6890 -8664
-7334 5345
7605 3371
-8382 -5476
-4527 -6664
6881 8128
7120 -8166
-6368 8216
3024 -9746
-8510 7770
-4799 5647
7505 -3572
9881 7555
7444 7612
6739 5452
8812 -5406
9563 -922
390 -7964
7117 265
-180 9154
227 1055
5988 7114
-5003 -464
-3520 9900
56 -9315
-5523 1839
8691 2592
-3467 -910
-924 9769
1041 -8545
8027 3266
-8537 -8815
938 -1608
-409 6713
7630 4325
-2652 9531
-623 6824
-1767 1131
2587 -4946
-4708 9544
5497 -6007
5559 -464
-4500 -5075
-7737 1666
-3876 -9955
-40 86
-6217 4766
838 -8423
549 5659
-7542 -530
-5025 -7473
5336 8574
-9833 -5672
-1695 6164
-7513 6822
7516 -913
7143 8262
-606 -1651
9928 121
-5245 -9881
2705 5917
4110 6699
-9449 -3257
-9745 -9423
5808 9930
-2771 3478
-3465 4193
-5483 9801
-2524 4416
-1952 -4028
4050 -6572
8262 -5886
9732 973
9347 5409
5013 2853
-3007 1315
4762 -6285
-570 -3850
-5124 -1600
-2045 6887
-8172 4920
-2726 -2818
5356 9096
4757 7430
2724 2678
1601 4834
-9526 -2816
6807 -7191
8621 -4062
5502 -14
5572 -3766
-258 9542
5618 -5700
6849 -7391
6401 213
1872 -2668
-1071 6953
-6188 -3035
-3866 2402
9313 -3970
9268 -3195
6328 6101
9653 3711
888 2878
4898 1367
-9925 -503
-7888 2891
3406 3164
-3845 -2000
-3031 -8511
-9485 -3321
-318 95
-6049 150
-3339 9799
-1408 -7138
3931 1189
-6853 793
-1918 -1205
3984 6758
-7900 -6924
2932 7253
-9942 -9217
1568 -9035
-8749 -7816
1463 3395
-5414 -6463
4882 -9070
6300 5936
-58 -253
5083 4262
-6435 7391
6794 -1784
829 -1743
-3962 -7565
5303 -1635
110 3764
-9993 236
9105 -4592
4085 1902
-7668 1976
-712 -76
-3344 -1044
3806 -9430
-1235 5438
-2489 -6950
368 3300
-8907 2832
4746 -2467
9627 9498
4603 1988
-2181 -7173
6377 8180
4577 1236
-5770 -559
-158 -9838
-4847 6327
962 5915
-8700 -9193
-6061 2163
-55 5943
9118 -3407
7938 -1703
-6040 -3519
-6949 5667
-5907 1552
-672 30
-5480 1073
-4404 5548
8140 4003
5379 -5649
9205 -6281
6783 6735
-8929 -4633
4348 7620
109 -3969
9393 3130
1749 3388
5986 -1702
4398 3815
1621 7518
-7014 8401
-1688 -4109
2854 -649
4487 4177
-9096 -5587
2483 1558
1895 -7510
185 1270
8357 -8001
7082 -6317
-295 -3044
5029 -6316
-8477 1794
-7454 9663
-8669 -4607
-9200 10000
9580 -7459
3244 -1330
-7599 -2791
-565 8231
-5488 -9264
279 -7136
-4306 5671
277 1391
7218 -6145
-7270 5365
7603 -7005
-405 -3709
-930 -2782
-1147 -3161
-2886 6317
-1866 -3586
2343 -8820
1009 7795
9373 1659
4802 -9643
-4940 -5278
4731 6887
7828 -1391
287 -8183
-188 2862
-4023 -1777
6665 7159
2328 6893
9089 -2025
-7372 5249
-8493 -6023
8337 175
5253 -3623
1914 1178
-2919 -5204
1386 496
6438 -8776
104 8723
5046 -2500
-226 -9671
-4865 3057
2569 4558
677 -1843
42 2488
-3990 -9165
1168 2054
-8192 3471
-5137 -9618
2387 -8524
480 5308
-436 -1937
-4351 7189
-6510 -8806
-2463 -5536
19 -8941
-2212 -357
2171 -5025
-7214 6322
220 -2358
-8005 7503
5627 2282
-7534 8182
5525 1786
-3828 3201
-6567 -5432
-6353 8396
-1027 -9249
7373 -7069
6258 224
7327 6009
5272 744
-216 -7501
6142 1555
-6374 -6675
3926 -1148
-8509 7503
875 -6217
2605 5371
-9339 -5319
9258 -3475
-2566 -1942
-554 957
9085 165
7582 -8599
-7782 3459
-56 -7648
1690 -2197
-4181 -3254
8569 8908
1984 -8615
8911 3989
-8633 -201
7184 -5657
-6656 -7339
7406 -5366
6669 705
1582 3122
4183 -3497
4877 2004
-3992 5714
1288 1862
555 -7915
3465 387
-4922 -3121
7958 8003
-2348 -8008
2525 453
4963 -7728
-4309 -7023
8964 -4683
-2470 6448
-1269 8711
-1757 4102
1947 4827
-8881 7485
8636 -9792
-9910 -1790
-7356 8238
5468 9228
5542 -4804
3730 9272
60 -458
5106 9875
144 -1816
-2633 2232
-3826 -9805
2623 -8554
1447 6670
-8737 -6760
6762 -523
1455 4566
9037 5989
3740 2478
-6719 1530
184 -2452
4279 9083
-524 6042
4866 9384
8824 9983
8441 1306
1669 383
9577 -8167
-3512 -6749
5645 6509
5759 -1296
9073 -9835
-4462 7665
6314 -8286
-8961 -5885
9628 -9016
7884 382
-8808 -7857
4709 9107
-159 4930
7324 5100
-4385 -6941
5758 7804
-5114 8705
-7916 1472
986 8099
5507 8869
8101 2269
6916 -239
-4722 9014
4376 -2182
-3666 3417
5159 -1060
-2993 -8588
-6914 1280
253 3851
-5851 1643
9570 4416
9210 705
-4653 3896
7080 6788
-2589 2184
7648 9719
-2779 -4011
431 5245
7756 3095
-9397 -1004
-7090 1665
-5318 -3040
-1337 -3514
-1782 2426
-6366 613
-6396 9823
5429 8274
7685 2069
-6893 5317
-2906 8443
1829 2470
-9939 -5670
9525 8411
3265 803
6435 -5546
8116 -1575
-342 -3226
-2649 -2575
-8417 -6313
9907 1631
-4790 -9496
6683 -8054
9429 1544
-3558 4097
1650 -6
1244 7559
-3343 -9089
-2251 1492
-7610 -8787
-241 9375
6715 7640
5202 8652
8918 6901
7931 -5902
2644 4030
-5990 -3085
-8135 2952
-3328 219
5281 1023
-3827 -7525
-4711 2664
-5421 2228
-6226 1927
-8879 1361
-3689 4706
8726 9569
-9493 2918
9035 -4542
8430 -5729
6341 -2827
-9608 7445
-7371 -7234
1096 -3904
-2644 1211
-6331 4020
-5845 -5514
7439 -6298
-8578 5623
5887 -3754
-6988 2899
939 -7400
-6642 9364
-1797 5495
7400 7347
-5962 -1537
-1228 -7808
6965 7800
-7556 5222
-366 -1363
2247 7277
8402 1211
104 2474
9153 -8262
-2606 -5407
-904 -5484
7128 -2943
7473 -1803
-451 707
-1525 7334
-1224 -4313
-4201 940
3708 -3724
-5601 -710
-3315 3747
-5329 -8339
-9347 -5585
-9300 8300
3881 -2830
-5610 -4412
7978 7798
-3304 -4221
9808 4139
8116 1222
9284 6038
8726 182
-5452 776
-4985 1831
5814 -9305
9331 3385
1801 8918
-8637 3267
5433 -464
-8478 3007
160 -3310
8927 1089
9505 -2967
-410 7721
-1345 6311
7545 750
2506 935
-4955 -8950
8381 5892
-4882 4051
-5098 6944
7490 -507
-582 2851
-476 5343
-7544 -9020
5282 320
-3923 -6738
-8169 -4346
8915 4596
-3561 -5060
1455 8601
-8740 6147
3805 -9861
-7185 2217
9466 -830
6256 -4675
-8496 6458
-7507 222
4302 54
-5368 2812
9682 2811
224 1684
4266 -4988
-9509 3330
-5712 -4122
9300 -1554
-814 -308
1799 2095
7795 9322
1230 -2083
2663 9393
2718 -6771
3662 5196
8293 -8240
-8554 8651
1364 -9864
-8730 -8740
2915 -2475
3377 9096
1858 9133
4887 1829
-7436 3234
-4334 -1542
-8919 2326
-544 -204
2234 -6461
5354 -3216
5172 4663
-4130 1651
8864 -3714
9265 -3897
-3218 591
7120 -4417
4621 -3829
859 -5359
2500 2736
6474 -9601
-7732 2317
-7789 1368
-806 5633
-3206 9773
-4612 -4523
-6875 2562
4274 -8662
436 6086
1272 4427
734 1228
4962 3090
-5933 3268
3638 -2463
8033 9244
-3096 -4496
-5829 3807
-7141 -1469
4833 9412
8723 4211
-9094 2565
-2427 5813
6987 5133
-1209 -790
-7623 -4967
8764 1950
1279 5337
-5086 -6585
-302 6142
-2182 -5158
-3183 3604
9578 -1431
230 -712
-1163 3289
7513 9406
-9902 2856
6336 1227
-618 5189
-3080 -6310
6268 -6331
2938 8269
-5265 1986
-3710 9830
-6462 -6408
3501 6825
8724 -700
-6821 9252
7867 -7062
5316 9350
-6598 -8154
-8553 1110
-6356 -3075
3273 1013
-4122 -9424
-6999 9685
-4455 -9324
2083 -11
-9723 2211
-1746 3253
-3165 3934
-7101 -8903
-4573 2357
-4530 1772
4654 -9029
7041 5588
-6864 -7234
-3470 -9460
892 -6583
1661 -373
5787 7767
9114 8647
8933 7433
-1033 -7245
7874 9996
6778 -9581
-2981 -2567
-8683 -8695
-7387 8164
3198 -2593
-8324 -6339
5868 -120
8507 29
-1068 -1488
-4653 -6651
-1829 -9605
-1082 5387
3245 7812
2282 6998
4209 4530
-8552 -8766
5915 -1567
3425 -5372
-1262 2194
-2645 -894
-5091 -7071
4168 609
-1929 6903
-1732 3134
3505 -507
2234 -5483
1820 8041
6505 9080
1908 8817
8252 -4215
2180 2767
-7138 814
6058 -5818
-7456 4006
6218 -5173
811 866
-8538 -549
-4512 -7001
3068 -5274
994 7575
-732 -247
5050 -5617
7792 2327
-5078 986
-2888 6150
-4097 -494
-4668 8897
6153 277
-8808 -4827
-7135 -2238
3815 -9513
235 4952
2329 -6867
-7234 -6591
-5584 -3825
5674 9455
1952 -3580
4428 -236
-7838 -4725
-6696 -6767
1900 -1390
-7202 2127
4672 -8999
-5264 924
5614 -9937
-8482 -9951
3469 9838
-9185 9587
7202 -5745
9692 -4117
4403 -3142
-6759 -1787
-9623 -6112
-1689 -1501
-5642 -3274
6504 -173
5866 7034
6823 1608
7442 -5423
997 323
5328 7792
8436 -4498
-1737 1934
8544 449
8380 2698
-176 -4428
1945 3683
-4972 9858
-5312 4965
-1976 6091
-1947 4716
7480 -5048
3383 -871
-3900 7284
-2432 -7185
-5206 -2413
6021 6223
637 -6245
9568 -2724
8637 1235
7309 987
-3028 -1740
8868 -6021
-4981 3917
1598 4083
6541 -9111
-4976 6221
6363 -5380
-2056 9121
2265 3780
621 -7511
-3748 1197
-5270 1990
-5732 -6893
2260 -9620
865 -8329
8430 5773
6788 7717
-4448 -5424
-3771 -5209
2230 8606
-1351 -9962
2513 -6921
3858 -630
-2842 -1327
-8344 7949
-9279 4328
-1148 3924
6714 1089
-3469 -2634
8553 -6711
-8606 -2371
-4402 -9813
2429 -5953
-3744 -8834
1854 7606
-7622 -1385
-5292 8368
-6020 6444
5041 -2611
-1810 -4673
7725 -4633
3739 3608
3463 9015
-4502 7471
-9924 101
-5796 -7746
6090 -3117
-6453 8063
-1237 5853
9810 7377
-6032 3006
-5860 -2606
-7129 991
-3726 985
2398 -8799
-4306 4483
-956 -5966
-460 -9189
-6289 9043
-2935 -2609
-5892 4856
1254 -9831
-5579 -1982
2028 -3696
5257 8519
5190 3627
5087 1329
-8013 -547
9269 -5003
5499 -9440
-6253 -4756
4784 9700
6604 3093
8885 -3656
-1750 9795
-2946 2192
7034 4508
-2379 3017
5587 -7104
2337 -8482
-959 -3527
5494 -8551
-6348 -8821
286 -8000
8572 6752
9485 -9172
9116 8395
879 -8430
-1440 -4242
8135 5507
7249 7466
-741 9615
6091 -5744
-9960 -3395
-2049 93
1717 -1470
8606 6705
1202 -5909
9100 -2088
-6768 -5788
-6863 9023
-9808 -3172
3372 -8411
2213 -3445
1536 -6682
3593 -9697
-9519 -7482
-565 -135
7302 4838
9611 8707
1882 5112
5449 -1338
-664 -7805
-768 -4368
-4088 4405
-1311 -5560
9227 4588
-6968 -7475
9196 2366
-9577 -7086
605 -807
9880 9189
5931 -4136
-8897 99
-7586 6137
7675 9039
-948 -9107
339 9905
9891 -3886
-5423 2006
6980 -9364
4425 6797
4215 -84
4106 3581
-8579 6370
5040 -2387
2666 5673
1684 -4298
-9658 2268
-270 5487
-8583 -5794
3972 -4401
4071 5892
2378 -1138
-194 1603
-352 2248
-6788 4538
-2025 2782
5925 9403
2496 6586
2471 670
-4415 1619
-4320 5668
2728 4744
-4070 -8742
3922 1091
5792 5457
5069 4581
4566 -9907
2640 -339
6251 4418
552 3497
-7708 -6623
5514 -4605
5153 3427
852 6968
2108 -8724
6087 -8272
-8592 7085
-8767 8400
6436 -6735
-7321 4018
8978 4335
9704 -44
-4552 4292
5833 -3002
-3254 8275
-6773 8494
1337 7364
-1185 -8569
-9909 6513
3633 -7060
914 7743
-4951 4074
-3064 7524
2739 -9582
2415 -5417
-3222 -4263
6307 -2160
5513 4939
5680 2964
3576 -7576
-8951 -8059
1228 1699
-8678 -6487
3169 -9422
-7481 848
-7879 1015
5626 624
-9136 5506
2158 -198
-9585 3649
6747 8643
-1136 9973
8174 8372
7497 -397
7114 5020
5435 -2265
7643 2371
-5695 4658
-7391 -9826
-6813 -9140
9696 390
-3783 3868
-2539 -5093
7408 -445
-1890 5711
-2782 -5846
-8063 -3579
-5822 1603
-3701 -1239
-3499 2079
-9225 -5616
3809 2729
-2239 -5916
-7663 -6322
563 9172
8827 -7111
-494 -4872
-7138 8736
6382 -5353
-9607 -2931
-641 8100
8552 -7483
4294 -6752
-9138 -6072
7903 -4896
-9515 7739
-3436 -9631
-9923 1107
4966 -2031
8695 -4503
4185 7386
5565 6656
-553 -47
-6505 4133
-3342 9727
-9515 -1462
-8217 -8920
-7689 -9162
-8308 -2512
8985 9567
4416 6929
3325 5107
7908 7131
-4054 4418
-6776 3742
-5382 -238
907 -7631
4364 8561
8489 3252
8961 9267
8869 -3158
-9304 -9247
-6961 7145
8082 -1641
2528 7105
-239 -7173
-1475 -8597
-8720 -8831
-5727 -3344
-6515 2381
5032 -8276
1076 -3502
8868 -4027
5532 -5829
8930 -7227
2063 -6356
-4277 -8908
2819 -19
-4634 -7652
-2933 5802
-4165 -3768
5872 9733
-5731 -5330
3269 4792
-5473 -8122
8914 -7803
9445 -4883
-2991 -3840
-9838 9815
-9600 3886
560 -6741
-6659 5025
1022 8370
-5120 6923
9835 -8692
-7560 -2163
10000 6496
2782 -4102
-6459 5225
-4544 9434
1315 -1940
6275 1749
2468 1977
7165 -2457
3052 4451
8505 6664
6373 451
261 2099
-9315 -4007
-7569 8581
4091 -478
1049 8887
6913 3813
1833 2794
5019 3678
-3197 -5984
-3595 4069
9034 9739
-1644 -5607
3294 113
6082 1750
7481 -3798
-7841 3333
-7894 -316
-5935 -8200
-4657 -7537
2612 -6740
4028 9950
9970 -3217
-4107 8494
-5466 -274
4683 2824
6416 129
-5143 -5764
-5686 -6022
-6695 -1483
4515 3883
-8653 1813
-2468 7273
4128 234
9844 6157
-7446 7862
4279 -4602
-6821 1818
3760 -9685
-1898 -4275
2753 8208
-2323 -5851
-3700 -708
-2051 5917
-767 -4816
-143 -8387
-1090 -5792
5312 -5788
7253 8484
-4947 9503
-8864 -6708
-8885 7353
-1544 -6663
-5256 7328
1502 2942
-5514 -5151
1691 9555
-5428 -3309
307 -2054
-1049 -67
-2730 -5481
5399 404
-4409 3403
-7457 -6434
-5456 -8004
5085 756
-1943 -9114
4928 -9753
-4934 9849
-3313 8003
9652 3244
7884 -7273
547 -3793
7363 -3595
-396 -4972
6336 8090
2515 -923
-520 -9489
-107 -2195
271 5468
1329 3731
6750 9954
4200 2250
2256 9198
-8207 -6538
4112 -980
8902 -3768
9442 -7852
7196 -1798
-487 -3893
5809 -9730
-6591 3865
-8407 4038
-6717 4182
-1415 -9029
7806 -9757
3372 8208
2705 -731
4371 6467
-1743 -4176
-4606 -355
3291 8087
-4161 -2210
-7186 -3976
-5093 4113
8444 -5066
-2529 5117
-2146 -2156
-8577 8713
2518 -5356
9147 5862
7875 -4950
-1382 -3121
6782 -2400
5202 6367
5537 2690
8599 6032
6712 21
6838 8562
492 8900
6085 9102
-9054 5027
5863 2311
-9057 5933
-7202 7809
507 -1224
-152 -3377
632 9923
-4880 1208
-6801 6970
7886 -7508
3073 -4479
-3320 -2409
-1777 -5516
-474 9293
6657 2900
2343 -6271
8283 2048
6404 -449
6165 -9627
-6950 -9824
8034 -2767
-2555 8730
4088 3246
4975 8421
-7098 1940
-1018 5450
3970 -9787
-1050 4895
4302 3038
6572 -4535
7527 -8156
8142 -7783
1445 -572
-9321 -3731
8269 5658
6501 -3594
1537 -701
6812 3199
2124 4073
9852 -689
818 4048
2756 -4848
-3278 -1286
-118 -6667
996 -1653
-5627 2900
-4648 9194
2364 -5355
1021 4842
922 -2072
2046 -8154
-680 3323
-2863 -9712
9933 8138
-6016 -9431
-7717 -8432
4838 -7943
7104 9291
-4832 9416
2139 -8228
-9236 4287
-6868 -4633
6642 884
3616 -8333
-1639 -7427
-4988 -56
-3429 552
-538 -6157
672 -8525
-4822 6831
3892 9961
-1469 -9531
7916 9286
-6560 -5085
2727 5083
-9302 5861
2344 6143
5762 -3155
-626 -3141
-2149 -9381
6637 -1895
-1961 -214
94 7989
2214 -4089
-733 4198
-6197 -1495
5368 -3254
-7234 8179
3310 5581
2343 6645
-140 8244
2304 -279
5790 -4848
5870 -7353
8964 6558
7581 2435
4822 -9507
-9563 9599
-7447 121
7790 -1113
-9695 -3835
-5476 -1523
8783 -105
6243 6088
-2328 -1773
-8982 -75
9526 2711
-7476 -2228
-513 6274
466 -4068
3079 2199
2134 -7145
6341 -3139
1580 -8513
-5599 2759
9232 3253
8858 3892
4168 3691
5692 -4152
-9378 -1196
-1352 -4771
-8538 -4377
8514 8590
-5955 562
577 1858
-6160 -5435
-9637 2396
6443 3958
8412 -9488
2035 7638
-5807 4336
-8617 5048
1275 8994
1204 -3585
9073 7006
-8549 8852
-9561 2503
1897 8123
1480 754
300 3930
-4555 -4373
-6151 -2442
896 8059
9681 -7651
-3700 -7912
5544 -4487
5665 -2507
5378 7971
-240 776
-2195 100
5442 -8911
7167 -1576
828 5220
-1236 9499
1113 9048
6919 -9936
4608 -7183
-9642 4637
-2978 -6396
-7890 -4581
9999 -5458
9995 -3226
981 -559
-5950 1356
3783 1111
-8828 1282
9823 1153
-8258 -3276
6674 -561
1007 3413
2055 -8236
9060 -3907
9598 4270
-6251 3709
3149 -7192
2846 8783
-4738 9085
4993 186
-7719 2913
3984 956
3412 -2474
8810 7960
9092 -5023
529 -9947
4096 759
7190 -1781
8090 4560
-5062 -718
-3510 2419
-6508 -5113
9147 -8834
-9114 8533
2607 4088
-6962 -5833
317 3510
1141 6218
5156 1921
-4276 3716
-1298 6075
-2416 3231
-6054 -3680
5083 2840
-3679 -9324
-7137 -6595
9478 3046
-1715 9688
8394 3092
-4947 7279
-6849 -3769
8264 5066
8830 1838
4611 -2301
-7126 -7690
6816 536
4042 -8879
-8579 -9343
-9672 -4689
-6605 88
-3717 9403
-4660 1359
-4714 -5868
-8026 8059
-7272 6836
-2496 -8352
-1559 -3091
5738 7316
578 2141
-7352 9892
5253 9887
-7210 -3436
2727 -8777
2209 -8716
5986 6046
-1402 4039
-6160 1702
-9028 -4863
356 -9329
-7540 -162
8960 -5387
-8265 9273
-2815 9595
-981 -2341
4193 5029
-3586 -9876
-1259 -1619
-5757 82
1739 8063
190 8424
-2607 3158
9477 -1171
8622 3136
-2873 -1074
7517 6631
7272 4031
-8076 -5723
-1061 -6050
7693 -5718
-3283 5847
-7279 3693
-2131 1699
-6187 -2932
5780 6201
85 6815
8221 -6553
-7908 6028
-9429 -7298
-9979 5937
-4838 104
-5604 -6368
-4137 -250
7102 6673
9032 -5886
-1410 8898
4458 5642
46 7913
4489 7021
4617 -8984
-4772 6712
4684 -7998
-7310 -1433
1931 -6340
-6875 -8621
-5805 4634
-2293 -9867
789 6994
4181 -5110
-3520 2939
248 -4301
3127 -3458
-3689 6289
-1681 8810
6376 -9289
-1881 -9436
-5052 368
-5227 -3155
-6908 207
5620 -1045
-8135 4467
-5342 -9594
870 7010
3175 4579
3066 -6921
-7511 1564
3314 -8414
-7823 9508
241 7209
-3268 -7031
-4362 9028
-7548 4915
1715 -6242
251 -1951
5618 -7905
485 3694
-1016 -760
9175 -6905
-6320 -6923
5362 -9755
1615 7356
2772 -5900
-5956 -7629
-8997 8191
-4029 5118
-899 -304
3430 -3613
6825 3982
-60 -5385
-1120 6370
-1705 1331
9010 -1007
-8748 8150
-8653 4864
-2782 -7613
-5604 -5838
-5514 -3907
-8638 -1169
6014 -7097
6959 2460
-7884 -4342
9096 -5632
-9885 -3010
5468 -901
1737 -132
-7621 -4555
-6286 6883
-8209 -24
5434 -6617
3557 -3692
-3513 -9525
8921 833
-7141 -2091
-1517 -3314
-831 8192
-1192 -6818
-6962 -207
-2140 -8351
4956 -6694
7317 9216
-3108 772
5497 9944
-7680 4728
-9827 3922
-8436 2912
-86 7843
-2217 7851
-8572 3314
2565 -3091
9408 4341
-1629 -8715
1095 8376
8652 -5002
6859 -8704
-9746 -1105
-438 6938
-3965 2914
-6188 9681
-4424 -350
7525 9853
-2060 -7441
-3633 5126
5740 -3253
-4909 4696
-9099 7601
3889 3530
5756 -2481
-4593 4954
-9819 2578
-9472 -5164
2855 964
-4845 1349
-2827 3042
3959 9396
6474 -8040
-2466 -4873
2138 -7005
1931 7700
3178 613
8420 6908
7415 5136
7557 -2141
-4472 2437
-6701 3111
-7724 -3323
-7854 -2544
-319 6250
3610 -8143
2658 4075
-184 -1284
-2010 -9278
2940 1709
-3203 -8258
-9837 8215
1494 -5910
-9233 385
-3736 356
7217 9047
-7824 1414
4732 1483
5088 4755
-4710 2162
4249 3740
2551 -4405
-8199 6231
-6501 -1000
4417 -8150
-2530 -6411
2920 -3482
4147 1984
-7598 4718
-2084 -8749
-4107 1144
-2959 -8160
-8324 -5208
-7546 -1516
6172 -8390
-7534 -9881
-6613 7883
-168 -7357
4310 -4028
5181 -9941
8808 6816
4003 -27
-4715 -7112
8749 -7253
-2974 6274
-5379 3445
1756 -5850
2038 988
-8602 4676
8686 -7294
-3052 8272
7695 6107
-1681 -3389
3310 9848
-3059 2855
6817 -8368
7301 -443
3545 4550
8052 9085
-426 -9215
-6175 -138
2871 -2467
-5379 644
-2331 199
-1954 -1061
-8092 2529
2309 -7857
-4774 7864
-3537 -9320
-6160 -2508
-7181 7376
-4673 3053
-5574 2742
8338 -5262
1116 -4473
-5526 -3838
1298 8827
1125 1960
-190 -116
1216 -4393
-7826 -8628
6851 235
4170 5133
-4431 -2945
5990 -9002
-5089 -9908
-4280 7167
-1374 4929
-2918 -6329
-3936 1605
-4573 1992
-207 -5355
3218 6708
9791 -3272
-5951 -4079
6495 -4136
-1243 1435
-7496 1194
-6657 -3007
1652 -5799
-6316 -2088
6638 5200
-5379 1160
9687 5549
7794 -8567
1550 -6240
1528 -6858
9822 3442
-5057 -6386
-71 5253
-2705 4888
9926 9163
8505 -5005
1671 -6920
-1589 -2856
-4119 2457
9363 -1741
2877 -4882
4880 9680
2821 1066
-3055 969
-2141 -6166
-9763 -172
-8251 3415
-9272 9755
-2499 -8479
9603 2449
3684 -6634
8039 8616
2187 -9769
737 -8927
-934 4498
2567 -9821
3179 -9116
4396 -4493
-9913 367
1789 -4334
-9355 -884
-4107 -9092
-1756 2959
-7884 -1277
8841 -6368
4417 -7514
-9389 5156
5463 6717
3242 -6501
4638 -7920
4397 -3510
6678 521
-7142 3645
-8216 2032
5896 -6179
9217 -5066
-4269 -1347
8858 -2709
8966 -6053
3061 -5705
-6101 4768
-8245 -6531
2500 -2338
-2817 -527
-3294 4891
2693 6871
-5267 2475
-4602 2406
9218 6230
9800 -6416
-9044 -7409
-4378 5727
-8372 -2191
-9471 -2925
-3317 -9002
118 -7788
-6029 2419
571 -1075
8242 -4366
-8427 -3670
1497 2344
-3930 9861
-8926 6456
7345 -1310
1229 -1760
5089 3274
-6895 -2031
-6433 1842
5293 2035
-1007 4058
9526 -2897
-4139 3206
-2218 -2224
4369 -3201
8812 1797
-159 -5072
-5800 8798
7006 3393
8250 5437
-3787 -5978
-716 4320
-3661 -8714
-6260 -1078
-8241 1240
-9846 -107
5339 -8827
9883 1359
8368 9638
4428 6044
-814 -435
-1327 -8745
5369 -7185
9664 3373
265 -6117
-1403 4984
3425 4714
1692 -3041
-7351 -3337
-3897 -5185
744 -3772
8233 8464
-6303 -3079
7114 -7262
3642 7875
-1934 8251
-8362 -886
-9846 -1044
-2900 -9000
-2141 8577
-6736 3735
7706 -2458
6806 9685
-1568 9020
-1805 2656
2601 -5133
-3443 -5007
4647 -634
-8478 2868
-4644 -697
-2727 -2936
1320 -8200
-2263 6221
1346 9610
949 3018
8506 5245
6720 7804
3452 6427
8997 -8104
9040 4978
-3838 4192
6123 8015
-7195 -8171
3570 -2649
2640 -4806
1748 989
6230 -6823
-3058 -8221
-64 6525
8624 -4914
739 -5577
-4050 -8883
1289 -7987
-5036 4853
1048 -3275
-7230 -3649
-2198 7183
5888 -8784
8166 9369
530 -2740
619 -5962
-1909 2311
-345 -7127
-9004 7040
1808 -9510
-7334 -8320
3203 -1867
7909 -7068
-7049 -5495
-8824 5603
-171 2608
-9781 6597
-5455 4573
-6920 6910
2323 588
9333 2086
6919 6620
3010 3190
9569 -8973
4157 1961
-821 2158
-7612 3057
9015 -7591
3679 -1939
6191 -1603
1572 7691
-885 -9188
7277 6583
9028 -1967
-5760 6748
1827 7837
183 -7885
2410 5339
2451 -6814
5431 3975
-8758 6258
-7603 5525
-7811 -2062
2988 4156
-8239 -7700
-5979 7317
-4358 2302
-5389 5285
-1228 8022
-769 1934
-218 6937
-1271 6553
8573 -2333
-3086 -9887
-7494 1217
-7409 -6329
-9008 4729
-7859 -9691
-8366 1170
4787 -2136
1125 -7866
2665 -4977
-6857 -5789
4210 -2817
-1480 5466
6432 7274
8323 1643
-1928 -542
-6529 -7389
6807 5958
-81 -8133
-7735 4778
8064 -4893
-10000 -6109
-5175 -8280
7945 2445
-4999 1927
2767 -5789
1778 6882
3076 -7485
-5111 -1970
1383 -6009
-1738 -120
-9167 -4420
-4588 4877
9223 7015
-6766 6909
-6850 -2240
7385 -6764
-2260 -2930
5669 5630
5840 390
-4635 -4732
-6048 -2334
-5623 1382
-5873 2960
-5959 3531
5037 9785
3265 -7754
-3147 3393
-9638 -7330
5402 -5624
1151 -6828
3376 4918
7542 244
-5696 8710
4644 3775
-7307 -6517
-6988 5021
-2163 2138
7455 4127
3550 -4482
-9663 -86
9588 -9451
-5924 7135
9277 1732
6097 143
-5938 -6444
-2459 3095
5012 9300
-8570 -5815
-8005 5549
8592 3320
6250 -3544
-6477 -6263
-155 -9936
753 -209
7362 7208
-2965 -3640
9469 8026
111 2749
-4651 417
-64 2865
-7 -1968
1107 -6713
-2927 -5287
4967 1731
-7619 -6002
-10000 7048
-454 3982
-3999 -7812
-1694 2859
9463 8406
-4235 1771
-1688 -2384
-2285 5719
-7712 -8832
-9642 7442
-7559 6985
-6345 -6696
7574 4749
8881 4820
-332 3632
6523 1836
-6002 -4505
3827 -6613
9877 5208
-6462 -9563
-5516 8545
2135 -5183
-8502 -5687
-5737 -6254
-1687 528
5347 -2841
3924 4680
2110 8132
2699 -8946
3495 478
8116 2219
5688 -2279
-870 -5863
-644 -6128
594 625
1901 6346
-3684 7831
-9222 -3398
-7351 8713
-249 -5434
-49 -3116
-5650 936
8860 1792
-2334 3697
56 2165
1397 7533
-1453 -9795
794 7882
9167 -5627
299 -128
-9367 2465
-994 -2883
3561 3773
-4228 -3607
-8401 -6385
9041 -5275
4736 6673
5895 -6834
-7939 2095
-7785 -8839
-8965 7649
-5864 7674
-4446 756
-6371 3943
-3760 -2655
1194 -5672
2681 2517
1151 4828
7794 5809
3728 2317
9317 -7635
3142 7095
519 4421
-278 6133
1338 414
6413 -5961
3807 279
4461 -4663
7430 -393
-7491 8026
-2058 -4991
7597 9033
-2522 -223
-5879 -4070
-8045 -6643
-1256 -4505
-6486 -3880
472 -7098
-5536 1317
9428 2726
-604 5915
-7140 -5865
3549 8944
-2474 -1250
5833 -2087
-4975 1137
6917 1870
3760 7003
-5633 -8686
-8037 9441
6244 5732
2166 -1035
-9480 1819
8088 2641
1283 -5792
-8467 -77
-8069 9750
-8821 9989
-8052 6833
8187 9497
5728 -2966
2826 1493
-4870 -4027
-9109 -2476
-6466 1255
4018 -6768
1755 -2858
5817 -877
-2103 4935
1214 -6172
-6523 4543
-3453 -8170
-4561 -9278
-6886 -8403
-4035 333
2755 -7583
4341 -9837
2430 -6599
6287 5184
-3366 7824
-6486 -9595
-4842 6119
2623 -8474
5928 -3318
3912 -482
4507 1704
-1577 5267
4535 -1215
6992 5676
-1738 -8567
1387 757
4555 -1409
1497 4305
-8434 6783
-4158 2900
9097 -4817
9560 6108
-3198 1937
7728 7302
-4329 790
2874 9411
-8568 -3196
6001 -7912
-7881 -2237
-65 -5758
-5512 -3355
-3673 9915
6210 1816
6294 7268
3079 3971
2712 6448
-9555 -3152
6761 1095
1248 -5522
-2331 -9066
-282 3381
-6210 -9504
-637 352
-430 -9391
-1139 -6144
5577 -3670
-9326 995
9041 -2954
-347 -897
7162 -3496
8901 2812
-2317 223
-4848 -3285
-2922 -9020
-7836 1544
7440 -2318
508 4423
9547 8387
4967 -876
9439 4990
5713 8910
-5102 -7882
-6407 -5297
2492 -7770
-8417 6085
-9844 -811
-8046 8053
-8696 -5051
8388 3238
-8155 -830
-6957 1560
1781 -348
572 4612
-4727 -4696
-290 -7396
8982 2344
-2644 -4117
-1951 5792
-8736 -9760
-7026 2817
8434 3961
-4993 5165
-8784 9219
-2758 900
2961 9842
6338 -5486
1903 -3874
4925 -3264
463 8121
-5571 3182
1735 327
-3960 -811
1597 5282
-391 9300
-8902 3717
7534 9750
7977 -8433
6731 3517
-1196 -753
-8203 7711
-2466 6770
9887 8839
5358 3142
-5027 -4921
-6527 -1676
-1750 1619
6991 7948
-9218 -5651
-6409 -276
264 4302
-3836 1058
64 -480
1873 -9561
-665 -6106
-6863 2912
-1625 1358
4488 -3002
8693 -7525
5202 -6012
-2404 9452
-952 7843
-6542 -5121
718 7698
-7867 8491
-9001 5272
1718 -6914
7989 8421
6743 3518
-3817 329
7749 -5933
-3893 -3094
-2166 -5439
3746 -1966
-3888 8932
-6905 8099
3156 -62
4657 9002
3013 -8613
-3872 3175
-3540 -9577
5868 -1757
4925 1695
1128 -5449
7138 -7037
-4539 92
-5645 8440
-9650 9654
-724 7079
1697 6690
5911 -9113
8215 -7003
1026 -7285
-3412 7439
6717 346
-8783 2712
1238 3324
-1901 -6110
-5312 -5953
5964 9896
-7501 9099
-1814 -96
1232 6347
2316 5126
-2095 7821
-4556 -7913
-2262 -5399
7196 -1960
-1982 -4117
-9583 1118
3319 -8892
9307 -4222
-4182 1687
2255 -4198
9372 9695
-7073 -4266
5276 -2547
-820 3179
1044 -380
-9105 -4979
9507 -9378
3521 6569
1652 6942
-1793 9018
-1642 3229
7701 4708
-5455 475
5199 4747
-1503 448
-5550 1077
23 3488
-4306 -8693
9876 6166
5895 -1824
-4262 7346
-316 4754
7670 -7518
-1590 -6777
2266 -4797
5076 -5277
3723 5907
-4988 2059
-73 7555
-6707 -9579
-99 -2682
-9858 1091
3811 -2733
-8344 4923
8496 8354
-4383 867
5310 5884
613 485
-3815 2989
102 -7348
3420 -2380
9224 256
-9053 5392
1298 2940
1695 -3551
1046 -1542
-7505 8553
-5305 6415
-8673 -8423
6806 -4238
2445 -2343
6048 3448
-8103 4906
-5280 -5205
-658 5159
-7442 -6476
6716 2318
823 6235
-4843 8339
1484 9898
788 -738
-2613 -5450
-9879 5460
3419 -3050
8288 -5350
-3944 -3286
2045 -4068
3989 -3031
1448 -2718
-6554 9652
5173 -7572
8363 -414
-3248 -8190
-942 4264
3004 -1230
8143 9923
5037 -9061
-8456 -7182
4341 3381
1984 -5358
-1668 -8068
775 4335
-6813 -7315
9467 2204
9790 8653
-1137 -8594
8226 2353
7545 662
2405 8159
-9513 2111
-4040 5623
-3242 7042
-3594 7976
945 4534
-3136 -7215
9095 -6029
-5042 -1076
2447 -1422
-1756 -915
7590 3448
-1861 4408
3690 1640
-9628 342
453 -9142
5732 -2226
8493 6557
-6591 1013
-4048 -6321
-4850 -8729
2385 -1469
-5199 -8623
-945 5904
5539 -4744
-958 -30
431 -2727
671 -7611
-6689 -871
742 -8914
-8387 -9387
-466 -1825
3864 6485
-6646 -4604
-2317 -499
-4511 -6664
6424 -8897
107 -7239
3405 -1962
9095 2383
7002 -4087
6123 -470
-9003 -7888
-3770 -8699
-5885 5466
3485 -7383
9095 -5645
-2361 -975
-1636 2777
-7598 -9986
-2055 7353
5430 -7192
-1197 9110
7356 594
-8815 -8096
-4348 3372
5168 749
2453 1356
9938 -5167
-9420 -8724
-9542 -1937
-3642 -3141
-8868 171
4790 7534
-3300 -3003
348 -938
8812 1756
-3225 -9645
-1653 -8410
-4959 369
4557 -5654
-9100 1563
8067 -8480
-529 -7561
9351 -5410
-4996 -5830
-7429 7868
-697 -1976
8899 -9614
-5915 -7101
4629 6322
-3694 1469
-1972 -9086
-9780 8598
-8594 -2009
8508 -9235
1107 2225
582 2773
5982 -558
-4681 -5383
8815 4923
6841 7329
2572 -1238
173 -6182
-1302 -1245
-606 -8156
4744 -6970
-1948 6409
7476 6849
5396 9841
3690 518
-833 -9635
-8584 1584
-9409 2900
8544 7663
4029 -7867
-1729 7490
-7513 -2570
-2473 -6506
2432 6220
1117 833
-1026 -5549
6366 3622
-1891 -7153
-3203 -8657
-7112 5100
-4402 8230
4891 5165
1225 -3613
-5924 5462
-2314 -3792
-3822 -1688
-8379 9787
8809 2177
-5240 -3197
8249 2384
-5772 2811
-9894 -7606
-2332 -3549
-7418 9913
-7762 -9642
6078 5005
-2319 7470
998 -6401
7306 5236
-6154 -2335
-9393 -5014
2307 1996
-2224 -9722
6439 4072
-5854 -5744
-7863 4802
5531 9987
2866 -1967
1487 3490
-1321 1794
1543 -5165
-3330 3957
-1134 7926
-7438 -2095
-2296 -1570
-1239 5343
9888 -2971
-2050 9676
9715 -5282
4532 3403
5032 -5090
-4616 1251
4845 905
9430 -1226
5423 -4318
-5590 -1914
-2374 8635
-2556 60
-4672 -9933
-8275 -1492
-4079 -1859
-563 605
9102 -902
-8904 -8036
3575 6249
-2570 -7844
446 841
9644 -1636
870 -6882
1977 -832
-2253 -682
3487 4337
9336 6138
3847 -2762
4788 -2729
-7986 7360
8074 -5742
-2765 -3673
8486 4817
1799 6236
7683 4623
6945 5913
1189 4327
9881 -1721
-1569 -4627
8395 -7712
-1238 -8209
5687 4730
-6332 -780
3499 -912
1917 -3897
-9857 -6254
-5623 -8060
6893 -5801
-9442 -800
63 70
9643 9804
-8231 -143
-681 7903
3617 7584
-23 -9406
-6353 5623
5466 6279
1552 -6508
-4316 -8742
8970 -7510
-3041 -7573
6886 -3526
-6975 -9149
7839 -9033
5910 6616
-750 1587
8827 -2523
5932 9477
-1497 9720
-3779 -2028
8060 -6771
-827 6505
-1898 9662
-86 -3485
-7929 -3515
-6170 2339
8439 -7271
-6622 -8198
-7560 1119
4648 8218
8556 9822
-8776 -9123
-8704 199
3792 21
-4239 -2579
2582 -8883
-752 6479
7427 -4620
-4735 7375
6965 7813
8469 6892
-6012 4929
9679 -5529
5810 -7110
-2306 3547
1360 3422
-7072 -7527
6710 -6600
1366 2070
345 7349
6693 -7398
-5122 -7032
-6940 -6800
8227 630
-850 5545
2931 8450
269 8931
-2606 -6377
391 5460
7389 2628
6958 6730
4390 1282
-9505 -9146
756 -7332
9598 8097
7119 5196
-9255 3164
9730 -3948
4159 6258
-1409 5963
7068 -4467
-5775 8042
-4651 -5220
-8225 195
3613 -6566
3451 8503
6226 -4110
9703 -7348
3913 4582
352 -4075
-9953 -4387
7992 -8948
3600 -9475
-1560 -632
-7809 -6465
-3809 -9075
4203 9544
-598 -786
-9088 4983
-2144 -1771
1364 -2637
3090 8034
5821 4030
4703 -230
-4806 5758
2633 -8773
8869 3624
4960 -3971
-1928 6058
9542 4377
8245 -532
4993 2753
-6221 -4442
-2428 -4503
9520 1463
-4107 -1438
-7669 3519
-1847 2596
2581 137
3898 1780
-4284 4809
-1171 6598
-8325 -2448
4643 717
-138 8929
-381 5940
-5258 -3628
-1016 6447
9282 -9037
5488 -7127
8364 -8504
-6285 9796
-1689 6166
8716 -6500
4051 5305
-8277 2234
-1122 -6400
-1649 5431
-5477 9863
-6512 -5253
-1592 -3665
-7690 -6954
5289 -939
2683 4665
-7708 -7696
7550 -2329
-4639 -317
6772 6637
2689 4272
2507 -2079
-8517 1624
-374 -6419
4518 9274
-212 4823
-1800 4494
8741 -3578
-8050 1229
-4204 4614
-2637 -7821
1284 674
388 -1675
6855 6785
5181 4563
-8061 6491
2981 -9084
-2662 7121
-6798 -9681
-9408 438
1410 -921
-4986 -1001
7365 -4750
4859 -608
4038 -5064
-4228 -6947
2023 -7071
-2066 7504
-7999 2672
-2299 2985
-5190 -674
-3877 -7178
-1431 4598
9642 3681
7739 -2562
9652 -2572
287 3952
8697 -5625
-1077 -9848
3585 1168
1201 -2726
6844 -6291
-6516 -3364
7050 2959
4400 469
-9981 6893
-5012 8386
-5745 -5355
-5937 -8747
6937 7838
-2588 -9119
-5735 2570
-7167 9281
-4829 -8205
1132 4202
-8726 -6091
-1718 5952
-5019 3664
8576 5003
9552 5664
-1161 9864
-9723 5549
-5852 7558
-203 -6723
-3166 -1890
7476 -7684
5149 -7574
1465 -5536
-4934 -2417
9128 7214
-870 -3218
6643 -4132
-1262 -657
9876 483
4738 9279
3415 9329
8009 1261
8183 8982
8756 1947
-4143 -9193
-865 8343
351 3609
423 -8264
3278 -2263
2615 7114
167 7180
-3297 -8183
3703 -8095
-3791 6105
3647 -2922
-2213 2252
7320 -5042
5630 -1233
4232 2895
-1252 -6161
323 -5914
7522 -7159
2786 2049
-4412 -6993
5893 2854
-4632 2724
8780 5534
-4192 -777
-3484 -1802
6513 -134
-183 -9301
-8453 3234
-8809 -824
-221 -4133
7342 -5082
-7194 8874
-1467 7174
1907 353
-2717 632
-4628 -7602
-721 -3190
1449 -674
9909 3673
-9724 7964
6592 266
7667 -6037
4453 9422
-1600 -7233
4316 9688
9368 -5425
-5506 -198
123 -3257
6983 6955
2031 7815
-9434 778
2078 1233
-317 -3252
-9379 -2650
9993 9588
6018 9965
1899 -4157
7215 2679
-4951 -5155
5785 -2182
-405 -7672
786 6883
3975 564
-555 2764
7821 6043
-2030 -5011
-1325 -9638
-10 6580
-5076 -6057
-4449 718
2426 -7627
-3830 1848
5153 -1617
8824 1227
7028 -3481
-5369 4111
4259 4963
-3087 7354
-2315 -4356
-4368 -8703
-9981 1249
-2933 6327
-6067 2553
-9489 1845
9544 -2867
-3235 -594
357 -2780
-9727 -8703
-8941 2833
9225 8581
126 1932
-5793 9797
8908 -8359
-5212 -3150
-2518 -8982
5160 3405
3537 -4735
-3883 -401
-5628 9969
-3544 1961